seed 234
2.4 0
3.5 0
4.0 0
4.5 0
5.6 0
6.7 0
7.7 0
8.9 0
9.4 0
10.0 0
11.0 0
12.2 0
12.6 0
13.2 0
14.4 0
15.4 0
16.5 0
17.1 0
17.6 0
18.7 0
19.2 0
19.8 0
20.8 0
21.4 0
21.9 0
23.1 0
23.6 0
24.2 0
25.2 0
25.7 0
26.3 0
27.4 0
28.5 0
29.6 0
30.1 0
30.7 0
31.8 0
32.3 0
32.9 0
34.0 0
34.5 0
35.0 0
36.1 0
36.7 0
37.2 0
38.3 0
38.8 0
39.4 0
40.5 0
41.6 0
42.7 0
43.2 0
43.8 0
44.9 0
45.9 0
47.0 0
47.5 0
48.1 0
49.2 0
49.7 0
50.3 0
51.4 0
52.5 0
53.6 0
54.7 0
55.8 0
56.3 0
56.8 0
58.0 0
59.0 0
60.0 0
60.6 0
61.2 0
62.3 0
63.4 0
64.5 0
65.0 0
65.6 0
66.6 0
67.3 0
68.1 0
68.8 0
69.3 0
69.9 0
70.9 0
72.1 0
73.2 0
73.8 0
74.3 0
75.4 0
76.0 0
77.1 0
77.6 0
78.2 0
78.7 0
79.8 0
80.9 0
81.9 0
82.4 0
83.0 0
84.1 0
85.2 0
86.3 0
86.8 0
87.4 0
88.5 0
89.0 0
90.1 0
90.6 0
91.7 0
92.3 0
92.9 0
93.4 0
93.9 0
94.5 0
95.1 0
96.2 0
97.2 0
98.3 0
99.4 0
100.0 0
100.5 0
101.6 0
102.7 0
103.3 0
103.8 0
104.4 0
104.9 0
105.9 0
107.0 0
108.1 0
109.3 0
109.8 0
110.4 0
111.4 0
111.9 0
112.5 0
113.6 0
114.1 0
114.7 0
115.8 0
116.8 0
117.4 0
118.0 0
119.0 0
120.1 0
121.2 0
122.3 0
123.2 0
124.0 0
124.9 0
125.5 0
126.1 0
126.6 0
127.7 0
128.3 0
129.3 0
129.9 0
130.5 0
131.0 0
132.0 0
132.6 0
133.6 0
134.3 0
134.8 0
135.4 0
136.9 0
137.5 0
139.2 0
139.8 0
141.4 0
141.9 0
143.6 0
144.1 0
144.9 0
145.8 0
146.3 0
146.9 0
147.9 0
