seed 571
2.8 0
3.3 0
3.7 0
4.3 0
4.9 0
5.9 0
6.9 0
8.0 0
9.0 0
10.1 0
11.1 0
12.1 0
13.1 0
13.1 0
14.1 0
14.7 0
15.2 0
16.2 0
17.2 0
18.3 0
19.3 0
20.4 0
21.4 0
22.4 0
22.9 0
23.4 0
25.1 0
25.5 0
26.0 0
26.6 0
27.6 0
28.6 0
29.1 0
29.7 0
30.7 0
31.2 0
31.7 0
32.8 0
33.8 0
34.3 0
34.8 0
35.9 0
36.9 0
37.4 0
37.9 0
38.9 0
39.4 0
40.0 0
41.1 0
41.6 0
42.1 0
43.1 0
44.1 0
45.1 0
46.2 0
47.2 0
47.8 0
48.3 0
49.3 0
49.8 0
50.3 0
51.4 0
52.4 0
53.4 0
53.9 0
54.5 0
55.0 0
56.5 0
57.6 0
58.6 0
59.6 0
60.6 0
61.7 0
62.4 0
62.7 0
63.3 0
63.8 0
64.3 0
64.8 0
65.8 0
66.9 0
67.4 0
67.9 0
68.4 0
68.9 0
70.0 0
71.0 0
71.5 0
72.0 0
73.1 0
74.1 0
75.2 0
75.7 0
76.2 0
76.7 0
77.2 0
78.3 0
79.3 0
79.8 0
80.3 0
80.8 0
81.4 0
82.4 0
83.4 0
83.9 0
84.4 0
84.9 0
85.5 0
86.6 0
87.6 0
88.1 0
88.6 0
89.1 0
89.6 0
90.7 0
91.7 0
92.2 0
92.7 0
93.2 0
93.7 0
95.3 0
95.8 0
96.9 0
97.9 0
98.9 0
99.4 0
100.0 0
100.5 0
102.1 0
103.1 0
104.1 0
105.1 0
106.1 0
107.2 0
108.3 0
109.3 0
110.3 0
111.4 0
112.4 0
113.4 0
114.5 0
115.5 0
116.1 0
116.5 0
117.3 0
118.0 0
118.6 0
119.6 0
120.1 0
120.7 0
121.7 0
122.3 0
122.8 0
123.7 0
124.2 0
124.8 0
125.9 0
126.3 0
126.9 0
128.4 0
128.9 0
129.4 0
130.0 0
130.5 0
131.0 0
132.5 0
133.1 0
133.6 0
134.1 0
134.6 0
135.2 0
136.7 0
137.2 0
137.8 0
138.3 0
139.0 0
139.3 0
140.9 0
141.3 0
141.9 0
142.4 0
143.5 0
145.0 0
145.5 0
146.1 0
146.6 0
147.2 0
147.6 0
149.0 0
149.6 0
150.0 0
150.6 0
151.2 0
151.7 0
153.2 0
153.7 0
154.2 0
154.8 0
155.4 0
155.9 0
157.3 0
157.9 0
158.4 0
158.9 0
160.0 0
161.0 0
161.5 0
162.0 0
162.6 0
164.1 0
165.1 0
165.7 0
166.1 0
167.2 0
167.7 0
168.3 0
169.3 0
169.8 0
170.3 0
171.4 0
171.9 0
172.4 0
173.4 0
173.9 0
174.4 0
175.5 0
175.9 0
176.5 0
177.6 0
177.9 0
178.5 0
179.4 0
