seed 1
4.5 0
4.8 0
5.2 0
5.6 0
6.5 0
7.8 0
8.2 0
8.6 0
9.1 0
10.0 0
11.3 0
11.6 0
12.0 0
12.4 0
14.3 0
14.6 0
15.0 0
15.5 0
16.0 0
16.8 0
18.1 0
18.5 0
18.9 0
19.4 0
20.2 0
21.5 0
21.9 0
22.2 0
22.7 0
23.7 0
24.8 0
25.3 0
25.7 0
26.1 0
27.1 0
27.5 0
27.9 0
28.8 0
29.1 0
29.6 0
31.9 0
32.2 0
32.6 0
33.0 0
34.0 0
34.3 0
34.6 0
35.6 0
35.9 0
36.4 0
38.7 0
39.1 0
39.5 0
39.9 0
40.9 0
42.1 0
42.5 0
42.9 0
43.3 0
44.4 0
45.5 0
45.9 0
46.3 0
46.7 0
48.6 0
48.9 0
49.3 0
49.8 0
50.1 0
51.1 0
52.4 0
52.8 0
53.2 0
53.6 0
54.5 0
55.8 0
56.2 0
56.6 0
57.0 0
57.9 0
59.3 0
59.6 0
60.0 0
60.5 0
61.5 0
61.8 0
62.3 0
63.1 0
63.5 0
64.0 0
66.2 0
66.5 0
67.0 0
67.4 0
68.3 0
68.7 0
69.1 0
70.0 0
70.4 0
70.8 0
73.0 0
76.4 0
78.1 0
79.0 0
79.8 0
80.3 0
80.7 0
81.1 0
82.0 0
82.4 0
82.8 0
83.3 0
84.0 0
84.6 0
85.2 0
85.8 0
86.2 0
86.7 0
90.1 0
91.6 0
92.6 0
93.5 0
93.9 0
94.4 0
94.8 0
95.7 0
96.9 0
97.4 0
97.8 0
98.2 0
99.2 0
100.4 0
100.7 0
101.2 0
101.7 0
103.3 0
103.7 0
104.1 0
104.6 0
105.0 0
106.0 0
107.3 0
107.7 0
108.0 0
108.5 0
109.4 0
110.7 0
111.1 0
111.5 0
112.0 0
112.9 0
114.1 0
114.5 0
114.9 0
115.4 0
116.3 0
116.6 0
117.0 0
118.0 0
118.3 0
118.8 0
121.0 0
121.3 0
121.7 0
122.1 0
123.1 0
123.4 0
123.9 0
124.9 0
125.2 0
125.7 0
